4294967279,375
4294967279,374
4294967278,573
100,6
100,5
100,4
100,3
100,2
100,1
100,0
4294967279,373
99,5
99,4
99,3
99,2
99,1
99,0
98,5
98,4
98,3
98,2
98,1
98,0
97,6
97,5
97,4
97,3
97,2
97,1
97,0
96,5
96,4
96,3
96,2
96,1
96,0
4294967279,372
95,6
95,5
95,4
95,3
95,2
95,1
95,0
4294967278,572
94,5
94,4
94,3
94,2
94,1
94,0
4294967278,571
4294967279,371
4294967278,570
4294967279,370
93,6
93,5
93,4
93,3
93,2
93,1
93,0
92,5
92,4
92,3
92,2
92,1
92,0
4294967278,569
91,6
91,5
91,4
91,3
91,2
91,1
91,0
90,5
90,4
90,3
90,2
90,1
90,0
4294967278,568
89,6
89,5
89,4
89,3
89,2
89,1
89,0
88,5
88,4
88,3
88,2
88,1
88,0
4294967278,567
87,6
87,5
87,4
87,3
87,2
87,1
87,0
86,5
86,4
86,3
86,2
86,1
86,0
85,5
85,4
85,3
85,2
85,1
85,0
4294967279,369
4294967278,566
84,6
84,5
84,4
84,3
84,2
84,1
84,0
4294967278,565
83,5
83,4
83,3
83,2
83,1
83,0
4294967278,564
4294967278,563
82,6
82,5
82,4
82,3
82,2
82,1
82,0
4294967278,562
81,5
81,4
81,3
81,2
81,1
81,0
80,5
80,4
80,3
80,2
80,1
80,0
79,6
79,5
79,4
79,3
79,2
79,1
79,0
78,5
78,4
78,3
78,2
78,1
78,0
4294967279,368
77,6
77,5
77,4
77,3
77,2
77,1
77,0
4294967279,367
4294967278,561
76,5
76,4
76,3
76,2
76,1
76,0
4294967278,560
4294967278,559
75,6
75,5
75,4
75,3
75,2
75,1
75,0
4294967278,558
74,5
74,4
74,3
74,2
74,1
74,0
4294967278,557
73,5
73,4
73,3
73,2
73,1
73,0
4294967278,556
4294967278,555
4294967278,554
4294967294,1425
72,13
72,12
72,11
72,10
72,9
72,8
72,7
72,6
72,5
72,4
72,3
72,2
72,1
72,0
4294967278,553
4294967279,366
4294967279,365
4294967278,552
4294967278,551
4294967278,550
4294967294,1424
71,12
71,11
71,10
71,9
71,8
71,7
71,6
71,5
71,4
71,3
71,2
71,1
71,0
4294967278,549
4294967294,1423
70,11
70,10
70,9
70,8
70,7
70,6
70,5
70,4
70,3
70,2
70,1
70,0
4294967294,1422
69,10
69,9
69,8
69,7
69,6
69,5
69,4
69,3
69,2
69,1
69,0
4294967279,364
4294967278,548
4294967294,1421
68,9
68,8
68,7
68,6
68,5
68,4
68,3
68,2
68,1
68,0
4294967279,363
4294967294,1420
4294967278,547
67,8
67,7
67,6
67,5
67,4
67,3
67,2
67,1
67,0
4294967278,546
4294967294,1419
4294967278,545
4294967278,544
66,7
66,6
66,5
66,4
66,3
66,2
66,1
66,0
4294967278,543
4294967279,362
65,6
65,5
65,4
65,3
65,2
65,1
65,0
4294967279,361
4294967279,360
64,5
64,4
64,3
64,2
64,1
64,0
4294967278,542
4294967279,359
4294967278,541
4294967278,540
4294967279,358
4294967294,1418
63,12
63,11
63,10
63,9
63,8
63,7
63,6
63,5
63,4
63,3
63,2
63,1
63,0
4294967278,539
4294967279,357
4294967294,1417
62,11
62,10
62,9
62,8
62,7
62,6
62,5
62,4
62,3
62,2
62,1
62,0
4294967278,538
4294967278,537
4294967279,356
4294967278,536
4294967279,355
4294967294,1416
61,10
61,9
61,8
61,7
61,6
61,5
61,4
61,3
61,2
61,1
61,0
4294967279,354
4294967279,353
4294967278,535
4294967294,1415
4294967278,534
4294967279,352
60,9
60,8
60,7
60,6
60,5
60,4
60,3
60,2
60,1
60,0
4294967279,351
4294967279,350
59,8
59,7
59,6
59,5
59,4
59,3
59,2
59,1
59,0
4294967278,533
4294967279,349
4294967278,532
58,7
58,6
58,5
58,4
58,3
58,2
58,1
58,0
4294967279,348
4294967279,347
4294967278,531
4294967279,346
4294967278,530
57,6
57,5
57,4
57,3
57,2
57,1
57,0
4294967278,529
4294967279,345
4294967294,471
4294967278,528
4294967279,344
56,5
56,4
56,3
56,2
56,1
56,0
4294967294,1412
4294967279,343
55,6
55,5
55,4
55,3
55,2
55,1
55,0
4294967279,342
4294967278,527
4294967278,526
4294967279,341
54,5
54,4
54,3
54,2
54,1
54,0
4294967279,340
4294967278,525
4294967278,524
4294967279,339
4294967278,523
4294967278,522
53,6
53,5
53,4
53,3
